Bubble Sort, N=10
Run 1 Array:
274549668, 1386352935, 1493330039, 1635614940, 795487826, 1313736254, 1883990052, 1888427455, 197138575, 909037191, 

Sorted Array:
197138575, 274549668, 795487826, 909037191, 1313736254, 1386352935, 1493330039, 1635614940, 1883990052, 1888427455, 

Run 2 Array:
1036663333, 1191838674, 2132738853, 1240154371, 644618460, 701723171, 1574386292, 363692413, 1912142821, 3551055, 

Sorted Array:
3551055, 363692413, 644618460, 701723171, 1036663333, 1191838674, 1240154371, 1574386292, 1912142821, 2132738853, 

Run 3 Array:
1812372948, 2085462783, 643205232, 861205850, 510665002, 111749967, 1284835136, 2080104350, 432064137, 1269892383, 

Sorted Array:
111749967, 432064137, 510665002, 643205232, 861205850, 1269892383, 1284835136, 1812372948, 2080104350, 2085462783, 

Run 4 Array:
430821716, 1891887252, 1284997548, 1544131107, 1434864478, 1649765616, 980828176, 1630970108, 2290872, 371093408, 

Sorted Array:
2290872, 371093408, 430821716, 980828176, 1284997548, 1434864478, 1544131107, 1630970108, 1649765616, 1891887252, 

Run 5 Array:
1195538626, 631308647, 856650522, 1151645692, 219064763, 1045374103, 1748433306, 116290212, 1726919379, 543473595, 

Sorted Array:
116290212, 219064763, 543473595, 631308647, 856650522, 1045374103, 1151645692, 1195538626, 1726919379, 1748433306, 

