Selection Sort, N=10
Run 1 Array:
711987942, 1233746720, 1451537768, 1408361705, 415798726, 280465, 141396990, 1925088059, 118738134, 1057144394, 

Sorted Array:
280465, 118738134, 141396990, 415798726, 711987942, 1057144394, 1233746720, 1408361705, 1451537768, 1925088059, 

Run 2 Array:
1489382098, 1057418046, 1038128612, 1031296579, 286290812, 1560843961, 927714091, 425459312, 1863773848, 1252174261, 

Sorted Array:
286290812, 425459312, 927714091, 1031296579, 1038128612, 1057418046, 1252174261, 1489382098, 1560843961, 1863773848, 

Run 3 Array:
104425203, 863567160, 603578543, 636250173, 136259337, 2022356390, 618511876, 2122990721, 1431099498, 347060122, 

Sorted Array:
104425203, 136259337, 347060122, 603578543, 618511876, 636250173, 863567160, 1431099498, 2022356390, 2122990721, 

Run 4 Array:
1954399859, 682044024, 185743501, 257850770, 870110, 356054972, 1403234383, 616749350, 1021539381, 1613852909, 

Sorted Array:
870110, 185743501, 257850770, 356054972, 616749350, 682044024, 1021539381, 1403234383, 1613852909, 1954399859, 

Run 5 Array:
1644688320, 487834636, 827774508, 938602486, 924104370, 1894450878, 1096773822, 166224209, 1666037453, 1786061269, 

Sorted Array:
166224209, 487834636, 827774508, 924104370, 938602486, 1096773822, 1644688320, 1666037453, 1786061269, 1894450878, 

