Heap Sort, N=10
Run 1 Array:
1525423949, 1662301100, 469810018, 990167637, 1520772854, 679157329, 2116233688, 701650330, 305487841, 574339122, 

Sorted Array:
305487841, 574339122, 469810018, 679157329, 701650330, 990167637, 1520772854, 1525423949, 1662301100, 2116233688, 

Run 2 Array:
1223196961, 404380295, 45921841, 1679618741, 308482682, 1153402761, 1819903763, 265339871, 961750769, 1832115536, 

Sorted Array:
265339871, 45921841, 308482682, 404380295, 961750769, 1153402761, 1223196961, 1679618741, 1819903763, 1832115536, 

Run 3 Array:
1982886088, 1279977682, 685735865, 207900834, 153055301, 541677174, 433997033, 882445805, 529326451, 924078095, 

Sorted Array:
153055301, 433997033, 207900834, 529326451, 541677174, 685735865, 882445805, 924078095, 1279977682, 1982886088, 

Run 4 Array:
1682450750, 28843490, 268763907, 1973273982, 1095873903, 2098320659, 1214141632, 454649888, 1196330286, 1111618853, 

Sorted Array:
28843490, 454649888, 268763907, 1095873903, 1111618853, 1196330286, 1214141632, 1682450750, 1973273982, 2098320659, 

Run 5 Array:
1382258134, 911893005, 1991032158, 1591798462, 2023761095, 422619321, 1995247238, 10280171, 1848646351, 1300305869, 

Sorted Array:
10280171, 422619321, 911893005, 1300305869, 1382258134, 1591798462, 1848646351, 1991032158, 1995247238, 2023761095, 

