Selection Sort, N=100
Run 1 Array:
670666477, 1013947821, 1371239049, 746648231, 357031325, 1852340214, 1735257732, 1306406411, 1719440466, 807700822, 153869632, 344895440, 676445817, 978090831, 1071346781, 65121666, 1451439274, 408815681, 1095915728, 1074770315, 2039250726, 650608215, 1685422203, 384330429, 1898034666, 2065133112, 590037257, 1297534048, 8113206, 406117288, 1735136624, 678779682, 1420065109, 958892025, 1425427912, 1777096433, 663748590, 1013201995, 936019195, 235705408, 1820902817, 1089888826, 580600847, 349864985, 2067979656, 1651947627, 414986651, 1371935281, 2060763308, 1510902378, 299221948, 1952530385, 14026944, 1984644150, 189377165, 1912061609, 1902293613, 779414421, 1062112008, 1910406819, 1185531709, 649764984, 441702852, 458113169, 1608657008, 1867130764, 87725953, 124921949, 732849110, 1023745147, 360627356, 406268278, 2113633972, 941228202, 756133263, 2034129979, 445692181, 1171119913, 1258581611, 358971840, 534538642, 1557803558, 164018576, 548565585, 1394964060, 353395741, 313143545, 1149774024, 1132810161, 1375255553, 912697194, 170858221, 2025020536, 1354400046, 628971389, 1486193895, 1074047161, 716697341, 1611115843, 1806896270, 

Sorted Array:
8113206, 14026944, 65121666, 87725953, 124921949, 153869632, 164018576, 170858221, 189377165, 235705408, 299221948, 313143545, 344895440, 349864985, 353395741, 357031325, 358971840, 360627356, 384330429, 406117288, 406268278, 408815681, 414986651, 441702852, 445692181, 458113169, 534538642, 548565585, 580600847, 590037257, 628971389, 649764984, 650608215, 663748590, 670666477, 676445817, 678779682, 716697341, 732849110, 746648231, 756133263, 779414421, 807700822, 912697194, 936019195, 941228202, 958892025, 978090831, 1013201995, 1013947821, 1023745147, 1062112008, 1071346781, 1074047161, 1074770315, 1089888826, 1095915728, 1132810161, 1149774024, 1171119913, 1185531709, 1258581611, 1297534048, 1306406411, 1354400046, 1371239049, 1371935281, 1375255553, 1394964060, 1420065109, 1425427912, 1451439274, 1486193895, 1510902378, 1557803558, 1608657008, 1611115843, 1651947627, 1685422203, 1719440466, 1735136624, 1735257732, 1777096433, 1806896270, 1820902817, 1852340214, 1867130764, 1898034666, 1902293613, 1910406819, 1912061609, 1952530385, 1984644150, 2025020536, 2034129979, 2039250726, 2060763308, 2065133112, 2067979656, 2113633972, 

Run 2 Array:
1434837588, 818618035, 2013369246, 1427658933, 205215183, 169500940, 355454688, 1928120166, 1290027782, 2054213303, 1234147798, 678281740, 1527403456, 2146991319, 2109676483, 2112874567, 1822864130, 2028971925, 421427231, 327081126, 1095378346, 1284974554, 2096089024, 1150513420, 1294300800, 1991895597, 2077217742, 1689251579, 1247169798, 1035689775, 1949895981, 534523737, 1854307809, 1815781578, 1962182669, 2059522991, 1985282518, 170153709, 1840159509, 1127826651, 76883363, 926823658, 1806108390, 1604286818, 926331328, 1768301225, 1569677736, 601711809, 1649789501, 1991104966, 928792934, 597684198, 1128595872, 877398310, 1748197617, 275413023, 721810258, 1677931710, 1964664601, 1968980055, 566137836, 1767076933, 356020143, 272961997, 1435374863, 170719163, 185001339, 1273173732, 340872871, 2025160847, 253516734, 417756233, 804500856, 2059625123, 2022043051, 1730832184, 1680442699, 1444237138, 185060344, 1182748551, 1287858456, 1113853278, 1780432748, 268970679, 1991251587, 1381146716, 544383701, 565578196, 911594778, 361564653, 387074602, 1477732613, 2128641585, 743094744, 1750694609, 1416532799, 913813906, 1935695948, 542222882, 1254686777, 

Sorted Array:
76883363, 169500940, 170153709, 170719163, 185001339, 185060344, 205215183, 253516734, 268970679, 272961997, 275413023, 327081126, 340872871, 355454688, 356020143, 361564653, 387074602, 417756233, 421427231, 534523737, 542222882, 544383701, 565578196, 566137836, 597684198, 601711809, 678281740, 721810258, 743094744, 804500856, 818618035, 877398310, 911594778, 913813906, 926331328, 926823658, 928792934, 1035689775, 1095378346, 1113853278, 1127826651, 1128595872, 1150513420, 1182748551, 1234147798, 1247169798, 1254686777, 1273173732, 1284974554, 1287858456, 1290027782, 1294300800, 1381146716, 1416532799, 1427658933, 1434837588, 1435374863, 1444237138, 1477732613, 1527403456, 1569677736, 1604286818, 1649789501, 1677931710, 1680442699, 1689251579, 1730832184, 1748197617, 1750694609, 1767076933, 1768301225, 1780432748, 1806108390, 1815781578, 1822864130, 1840159509, 1854307809, 1928120166, 1935695948, 1949895981, 1962182669, 1964664601, 1968980055, 1985282518, 1991104966, 1991251587, 1991895597, 2013369246, 2022043051, 2025160847, 2028971925, 2054213303, 2059522991, 2059625123, 2077217742, 2096089024, 2109676483, 2112874567, 2128641585, 2146991319, 

Run 3 Array:
72222723, 1721246927, 1606971437, 2133355680, 82099144, 664405223, 1152615608, 436344938, 896905729, 114746882, 207192461, 1055158934, 1346803497, 142312430, 1052601299, 2063676241, 103203821, 1563955686, 881258177, 1793643137, 225996560, 918261661, 438339469, 2005669463, 1851505832, 938592984, 449350295, 38155816, 1523538347, 718117886, 142837805, 1595761069, 291881164, 1749809241, 1581633100, 373980307, 266730816, 586765059, 810325244, 1163636544, 701511940, 1017517704, 71311829, 2048315436, 1159830133, 1123913128, 1964508028, 1263033954, 540385165, 698282557, 909193442, 766381725, 1616544217, 1347532911, 624567539, 1320566400, 138642246, 1073917833, 1358722215, 1662180592, 1792035718, 1501560020, 1110458012, 2083916881, 1103885612, 544607463, 310413539, 1370616427, 1131372521, 1120738782, 386769323, 1832884460, 2138256485, 458081151, 1733716247, 1150602970, 1581994278, 1550740627, 266153275, 2122379443, 101539535, 1175346716, 741277519, 1718083751, 375395978, 1365845057, 891166503, 514038224, 292279241, 102405069, 28735167, 2084314959, 1603965088, 1139193179, 2020748191, 560367052, 1683800641, 183678082, 1930983478, 667689514, 

Sorted Array:
28735167, 38155816, 71311829, 72222723, 82099144, 101539535, 102405069, 103203821, 114746882, 138642246, 142312430, 142837805, 183678082, 207192461, 225996560, 266153275, 266730816, 291881164, 292279241, 310413539, 373980307, 375395978, 386769323, 436344938, 438339469, 449350295, 458081151, 514038224, 540385165, 544607463, 560367052, 586765059, 624567539, 664405223, 667689514, 698282557, 701511940, 718117886, 741277519, 766381725, 810325244, 881258177, 891166503, 896905729, 909193442, 918261661, 938592984, 1017517704, 1052601299, 1055158934, 1073917833, 1103885612, 1110458012, 1120738782, 1123913128, 1131372521, 1139193179, 1150602970, 1152615608, 1159830133, 1163636544, 1175346716, 1263033954, 1320566400, 1346803497, 1347532911, 1358722215, 1365845057, 1370616427, 1501560020, 1523538347, 1550740627, 1563955686, 1581633100, 1581994278, 1595761069, 1603965088, 1606971437, 1616544217, 1662180592, 1683800641, 1718083751, 1721246927, 1733716247, 1749809241, 1792035718, 1793643137, 1832884460, 1851505832, 1930983478, 1964508028, 2005669463, 2020748191, 2048315436, 2063676241, 2083916881, 2084314959, 2122379443, 2133355680, 2138256485, 

Run 4 Array:
1908927500, 1524766459, 1171745748, 1738978896, 1002824489, 51057570, 1918085959, 2130536479, 462536963, 1358328565, 212374744, 1382814344, 1120178330, 235983679, 2084358720, 885224037, 1546683402, 2102893612, 200378768, 2117712217, 1421169154, 1544503648, 1920331624, 614915356, 1237537270, 1936060256, 1926014970, 1490833683, 1684942793, 262326184, 1415510548, 1446386644, 1787092642, 439772647, 1037881891, 642433482, 490830216, 808484202, 625486312, 953367178, 19329118, 837861056, 188697873, 1139507448, 1073844734, 125572945, 2024731484, 473044488, 80982908, 77626604, 443273056, 1502152061, 1622130251, 216121031, 2117067416, 712183872, 4697638, 1895598737, 55533907, 1689640430, 10441272, 1471044454, 988543426, 1797533913, 1910817100, 2026425316, 292483747, 254163667, 687425869, 917970058, 1207530844, 706754987, 1755831113, 1396228716, 1846262434, 682192199, 1521801660, 1723510269, 1155236686, 1602784568, 1801136872, 1598509741, 957452980, 1275783474, 1814630772, 927036748, 1987967346, 1819328409, 675151836, 2043501252, 1361485191, 685593108, 1367062057, 202544968, 335643372, 1130395508, 81486635, 628127118, 1384559174, 768912504, 

Sorted Array:
4697638, 10441272, 19329118, 51057570, 55533907, 77626604, 80982908, 81486635, 125572945, 188697873, 200378768, 202544968, 212374744, 216121031, 235983679, 254163667, 262326184, 292483747, 335643372, 439772647, 443273056, 462536963, 473044488, 490830216, 614915356, 625486312, 628127118, 642433482, 675151836, 682192199, 685593108, 687425869, 706754987, 712183872, 768912504, 808484202, 837861056, 885224037, 917970058, 927036748, 953367178, 957452980, 988543426, 1002824489, 1037881891, 1073844734, 1120178330, 1130395508, 1139507448, 1155236686, 1171745748, 1207530844, 1237537270, 1275783474, 1358328565, 1361485191, 1367062057, 1382814344, 1384559174, 1396228716, 1415510548, 1421169154, 1446386644, 1471044454, 1490833683, 1502152061, 1521801660, 1524766459, 1544503648, 1546683402, 1598509741, 1602784568, 1622130251, 1684942793, 1689640430, 1723510269, 1738978896, 1755831113, 1787092642, 1797533913, 1801136872, 1814630772, 1819328409, 1846262434, 1895598737, 1908927500, 1910817100, 1918085959, 1920331624, 1926014970, 1936060256, 1987967346, 2024731484, 2026425316, 2043501252, 2084358720, 2102893612, 2117067416, 2117712217, 2130536479, 

Run 5 Array:
527964436, 262249010, 747209926, 1349131381, 858383397, 524484950, 1615623381, 613027724, 43947400, 461907388, 1301872369, 655701338, 903200827, 1415145562, 2065036922, 792947224, 1929512854, 1594984219, 609228105, 1382698493, 1574317536, 43745670, 197627097, 335084459, 1723441051, 804850196, 1298532824, 829195817, 794237185, 2004255820, 582572791, 1322201621, 119021181, 1329782716, 523849353, 977404578, 1854267665, 2139472733, 1590432301, 1898215065, 453896472, 744821022, 406432754, 1357097298, 12482935, 323986027, 2560873, 1941995788, 1918970245, 611788977, 1177210632, 1345804132, 655534647, 1374837728, 1680888591, 231492049, 32204275, 831937766, 1060687865, 826441460, 688709937, 1643260656, 1159432, 807731118, 825559723, 525008784, 1785135695, 532343740, 516997868, 1228084347, 283075156, 970894340, 1972905368, 689507909, 180507989, 1985388302, 1013493936, 183068862, 1779900441, 784980532, 794857838, 809627424, 2130784664, 1450392484, 36981503, 1664189606, 1681884533, 69185778, 348643723, 595088749, 895627237, 1037353660, 90865756, 896786668, 1845084777, 916425479, 1421795451, 1482736823, 1448769218, 1938793318, 

Sorted Array:
1159432, 2560873, 12482935, 32204275, 36981503, 43745670, 43947400, 69185778, 90865756, 119021181, 180507989, 183068862, 197627097, 231492049, 262249010, 283075156, 323986027, 335084459, 348643723, 406432754, 453896472, 461907388, 516997868, 523849353, 524484950, 525008784, 527964436, 532343740, 582572791, 595088749, 609228105, 611788977, 613027724, 655534647, 655701338, 688709937, 689507909, 744821022, 747209926, 784980532, 792947224, 794237185, 794857838, 804850196, 807731118, 809627424, 825559723, 826441460, 829195817, 831937766, 858383397, 895627237, 896786668, 903200827, 916425479, 970894340, 977404578, 1013493936, 1037353660, 1060687865, 1177210632, 1228084347, 1298532824, 1301872369, 1322201621, 1329782716, 1345804132, 1349131381, 1357097298, 1374837728, 1382698493, 1415145562, 1421795451, 1448769218, 1450392484, 1482736823, 1574317536, 1590432301, 1594984219, 1615623381, 1643260656, 1664189606, 1680888591, 1681884533, 1723441051, 1779900441, 1785135695, 1845084777, 1854267665, 1898215065, 1918970245, 1929512854, 1938793318, 1941995788, 1972905368, 1985388302, 2004255820, 2065036922, 2130784664, 2139472733, 

