Insertion Sort, N=10
Run 1 Array:
898673358, 1520097369, 1511717378, 774212554, 1153540356, 1525125782, 387002421, 1826954985, 241417263, 1811993141, 

Sorted Array:
241417263, 387002421, 774212554, 898673358, 1153540356, 1511717378, 1520097369, 1525125782, 1811993141, 1826954985, 

Run 2 Array:
596120103, 1335578906, 17816149, 1463642940, 1014276396, 2003709610, 91097572, 315737123, 902655950, 923331595, 

Sorted Array:
17816149, 91097572, 315737123, 596120103, 902655950, 923331595, 1014276396, 1335578906, 1463642940, 2003709610, 

Run 3 Array:
1356017495, 64006343, 1728815204, 2139395137, 1933182946, 315271429, 852341957, 933765910, 1540571118, 14522249, 

Sorted Array:
14522249, 64006343, 315271429, 852341957, 933765910, 1356017495, 1540571118, 1728815204, 1933182946, 2139395137, 

Run 4 Array:
2129926374, 960219037, 240369384, 1758217339, 728247885, 800744776, 560105138, 505556594, 62972685, 203966959, 

Sorted Array:
62972685, 203966959, 240369384, 505556594, 560105138, 728247885, 800744776, 960219037, 1758217339, 2129926374, 

Run 5 Array:
755708634, 1848462280, 893305758, 1376383587, 588113612, 1278269042, 267104902, 67410970, 722647723, 392393693, 

Sorted Array:
67410970, 267104902, 392393693, 588113612, 722647723, 755708634, 893305758, 1278269042, 1376383587, 1848462280, 

