Quick Sort, N=100
Run 1 Array:
577024623, 1706230485, 1507016915, 1818565909, 24848260, 1888678316, 707557099, 2099216813, 2004644297, 1048550933, 1719656214, 1508797488, 735465525, 517582470, 606325377, 1106543497, 442442824, 1694068002, 719472168, 1149304139, 1607447580, 1938802891, 735441044, 954519205, 1325753881, 1996932822, 1081141808, 2113813861, 1719039370, 1108052965, 1502149449, 148580344, 666799801, 861682716, 1967146252, 691648061, 602877383, 527219702, 643381225, 460038031, 1575770634, 215553790, 1968835518, 163752511, 733136260, 427677246, 1270296007, 1175579083, 2121745247, 1989768175, 177399573, 1581709179, 1781087417, 912840616, 388744735, 959357650, 762289790, 1469886542, 925687862, 333845511, 430455858, 280353663, 482425854, 1097255659, 1142036378, 302088457, 1788903719, 1744913760, 829308158, 284801295, 57468142, 257595143, 500355085, 2026303659, 421347653, 1233491344, 306497256, 1691643660, 261586778, 280758854, 1533928186, 438986350, 1862468032, 1167531954, 1351826966, 103729118, 2126889603, 2114116755, 1573615659, 905093817, 300478617, 2004071517, 1185447479, 782904470, 953843527, 180000208, 1084992926, 595263597, 1924913967, 1914301083, 

Sorted Array:
24848260, 57468142, 103729118, 148580344, 163752511, 177399573, 180000208, 215553790, 257595143, 261586778, 280353663, 280758854, 284801295, 300478617, 302088457, 306497256, 333845511, 388744735, 421347653, 427677246, 430455858, 438986350, 442442824, 460038031, 482425854, 500355085, 517582470, 527219702, 577024623, 595263597, 602877383, 606325377, 643381225, 666799801, 691648061, 707557099, 719472168, 733136260, 735441044, 735465525, 762289790, 782904470, 829308158, 861682716, 905093817, 912840616, 925687862, 953843527, 954519205, 959357650, 1048550933, 1081141808, 1084992926, 1097255659, 1106543497, 1108052965, 1142036378, 1149304139, 1167531954, 1175579083, 1185447479, 1233491344, 1270296007, 1325753881, 1351826966, 1469886542, 1502149449, 1507016915, 1508797488, 1533928186, 1573615659, 1575770634, 1581709179, 1607447580, 1691643660, 1694068002, 1706230485, 1719039370, 1719656214, 1744913760, 1781087417, 1788903719, 1818565909, 1862468032, 1888678316, 1914301083, 1924913967, 1938802891, 1967146252, 1968835518, 1989768175, 1996932822, 2004071517, 2004644297, 2026303659, 2099216813, 2113813861, 2114116755, 2121745247, 2126889603, 

Run 2 Array:
285335506, 458520290, 1095898265, 1447010735, 972172907, 230535708, 1500346852, 603607117, 1604992638, 1251134155, 688222885, 804297018, 1621868518, 1728868511, 614091617, 1049013052, 864047357, 144965003, 95294497, 460983275, 1799812488, 1559486736, 142573042, 1795793477, 1867548985, 2006696976, 510974027, 443954071, 1982473478, 1845700984, 746080538, 120325335, 156737625, 1841978802, 1567336069, 1128910531, 2072514509, 920199273, 1732517647, 1530023499, 23849779, 273256883, 186836868, 1645718297, 2002125393, 800928484, 547247700, 718689102, 945893487, 642542196, 1179672376, 598222326, 54545284, 1322245417, 246532154, 1922094268, 1181458745, 757506181, 218564691, 1016448574, 455723516, 964645228, 1136773908, 612461140, 659140381, 556626329, 1741371671, 584171242, 1476825601, 1326405669, 2114194740, 1500675379, 1599662552, 153547959, 998910027, 1454304296, 954476442, 1546157726, 25509749, 1900369928, 41216274, 1205182124, 351108606, 95761557, 379943893, 597640759, 2017855824, 1561402637, 1355146939, 88936866, 430367562, 1810870454, 1053582093, 1567141469, 275847946, 1712722474, 2123767797, 2017219616, 149410067, 1453109749, 

Sorted Array:
23849779, 25509749, 41216274, 54545284, 88936866, 95294497, 95761557, 120325335, 142573042, 144965003, 149410067, 153547959, 156737625, 186836868, 218564691, 230535708, 246532154, 273256883, 275847946, 285335506, 351108606, 379943893, 430367562, 443954071, 455723516, 458520290, 460983275, 510974027, 547247700, 556626329, 584171242, 597640759, 598222326, 603607117, 612461140, 614091617, 642542196, 659140381, 688222885, 718689102, 746080538, 757506181, 800928484, 804297018, 864047357, 920199273, 945893487, 954476442, 964645228, 972172907, 998910027, 1016448574, 1049013052, 1053582093, 1095898265, 1128910531, 1136773908, 1179672376, 1181458745, 1205182124, 1251134155, 1322245417, 1326405669, 1355146939, 1447010735, 1453109749, 1454304296, 1476825601, 1500346852, 1500675379, 1530023499, 1546157726, 1559486736, 1561402637, 1567141469, 1567336069, 1599662552, 1604992638, 1621868518, 1645718297, 1712722474, 1728868511, 1732517647, 1741371671, 1795793477, 1799812488, 1810870454, 1841978802, 1845700984, 1867548985, 1900369928, 1922094268, 1982473478, 2002125393, 2006696976, 2017219616, 2017855824, 2072514509, 2114194740, 2123767797, 

Run 3 Array:
2118749266, 259462984, 659689406, 1048875738, 815858798, 689787014, 114070082, 1219878696, 1169252251, 1416168168, 1761902456, 1130256018, 316117227, 1816014199, 1643697425, 2012046259, 1225732712, 681122482, 481508658, 1848935657, 843864867, 1104649655, 538844014, 1473995342, 171766713, 1915970481, 907588507, 1887767288, 2126563519, 307866929, 935275083, 2097829136, 567329913, 1594964488, 999221225, 1383188710, 137267853, 1113291306, 455583757, 1306520103, 381975825, 70002564, 289292473, 698093052, 1886016762, 1932989897, 562655662, 964265825, 466628731, 1044164319, 665717834, 1310493597, 1330325, 1204561847, 637005290, 173097038, 973048680, 1544593797, 2060864325, 952128550, 1852460725, 848655759, 902474037, 272306989, 296136598, 1901695261, 1655495698, 433404451, 867502918, 2111079455, 1739924553, 1249478742, 33598370, 2029217025, 1947571793, 1919615132, 1814723274, 362743806, 736397308, 133868356, 1406908124, 1402115141, 1444361952, 1408238449, 459193340, 2081367241, 1581335486, 1432242019, 1478477389, 1494716162, 236886920, 1183454466, 195888272, 1139360956, 1455761454, 492024869, 893572568, 963773504, 925429319, 1761075485, 

Sorted Array:
1330325, 33598370, 70002564, 114070082, 133868356, 137267853, 171766713, 173097038, 195888272, 236886920, 259462984, 272306989, 289292473, 296136598, 307866929, 316117227, 362743806, 381975825, 433404451, 455583757, 459193340, 466628731, 481508658, 492024869, 538844014, 562655662, 567329913, 637005290, 659689406, 665717834, 681122482, 689787014, 698093052, 736397308, 815858798, 843864867, 848655759, 867502918, 893572568, 902474037, 907588507, 925429319, 935275083, 952128550, 963773504, 964265825, 973048680, 999221225, 1044164319, 1048875738, 1104649655, 1113291306, 1130256018, 1139360956, 1169252251, 1183454466, 1204561847, 1219878696, 1225732712, 1249478742, 1306520103, 1310493597, 1383188710, 1402115141, 1406908124, 1408238449, 1416168168, 1432242019, 1444361952, 1455761454, 1473995342, 1478477389, 1494716162, 1544593797, 1581335486, 1594964488, 1643697425, 1655495698, 1739924553, 1761075485, 1761902456, 1814723274, 1816014199, 1848935657, 1852460725, 1886016762, 1887767288, 1901695261, 1915970481, 1919615132, 1932989897, 1947571793, 2012046259, 2029217025, 2060864325, 2081367241, 2097829136, 2111079455, 2118749266, 2126563519, 

Run 4 Array:
758675875, 1168939761, 1332759401, 1757534195, 1774338982, 1191904705, 1988484771, 1884547191, 785156609, 1628420967, 1818859982, 444611368, 1214446853, 896572749, 1674218831, 1969285936, 592759890, 233103200, 2023154482, 1182552404, 2142684794, 1821878906, 2118618633, 206762371, 1815665250, 1954672040, 1457412614, 253159274, 275928219, 1100180398, 222961273, 1034604093, 121636510, 1555720673, 644654639, 1895975491, 600141729, 485655761, 1633039033, 1385298338, 2114076728, 1304415367, 1829909705, 1181039932, 53504467, 1356644887, 1002842220, 646264356, 1589748086, 878513053, 1828816759, 1584949232, 552908310, 1799951743, 1791711602, 221089911, 1607140135, 1101640568, 474249184, 1883068353, 54337317, 697210456, 770188797, 175973826, 105447481, 1414843435, 2071949316, 705589209, 1900499196, 1557504701, 2090887546, 1867092275, 714436419, 1773313603, 900648558, 767940885, 982474841, 1903490777, 1414205241, 424739279, 634520181, 1095538351, 2009688510, 1187428490, 748006446, 1653916463, 1408518400, 207662932, 608073382, 1882767583, 2090731284, 662410698, 432494391, 713436432, 838384523, 537941871, 2128279866, 762850191, 1243531079, 1881295413, 

Sorted Array:
53504467, 54337317, 105447481, 121636510, 175973826, 206762371, 207662932, 221089911, 222961273, 233103200, 253159274, 275928219, 424739279, 432494391, 444611368, 474249184, 485655761, 537941871, 552908310, 592759890, 600141729, 608073382, 634520181, 644654639, 646264356, 662410698, 697210456, 705589209, 713436432, 714436419, 748006446, 758675875, 762850191, 767940885, 770188797, 785156609, 838384523, 878513053, 896572749, 900648558, 982474841, 1002842220, 1034604093, 1095538351, 1100180398, 1101640568, 1168939761, 1181039932, 1182552404, 1187428490, 1191904705, 1214446853, 1243531079, 1304415367, 1332759401, 1356644887, 1385298338, 1408518400, 1414205241, 1414843435, 1457412614, 1555720673, 1557504701, 1584949232, 1589748086, 1607140135, 1628420967, 1633039033, 1653916463, 1674218831, 1757534195, 1773313603, 1774338982, 1791711602, 1799951743, 1815665250, 1818859982, 1821878906, 1828816759, 1829909705, 1867092275, 1881295413, 1882767583, 1883068353, 1884547191, 1895975491, 1900499196, 1903490777, 1954672040, 1969285936, 1988484771, 2009688510, 2023154482, 2071949316, 2090731284, 2090887546, 2114076728, 2118618633, 2128279866, 2142684794, 

Run 5 Array:
1510241286, 2036810945, 1961384285, 275861848, 536091760, 1640733146, 590396599, 1417202679, 1410967908, 1779244003, 1806867854, 756313233, 2039119393, 2043020617, 1613400886, 1838143837, 2010685467, 749724620, 237465954, 401787888, 90087580, 1337924943, 341630949, 2005541984, 85240017, 1832651386, 748620645, 582099104, 382028882, 1672480862, 1437158867, 1892270167, 1561808159, 1251059503, 20648366, 2097899918, 744309000, 611044964, 1367618948, 7793260, 242805319, 1027003153, 764106492, 134441063, 922540121, 230023729, 1972584899, 785741939, 979748348, 62567205, 1187529826, 1069835928, 1400492147, 1529160774, 927894263, 1485732163, 1214328512, 1676514907, 2067831266, 1596357393, 1201512120, 1357506484, 1341143911, 615836630, 461082338, 1361792276, 566252899, 1205391338, 1972837239, 1933871846, 1213184597, 68158909, 813391350, 1977291088, 202599972, 1735931470, 59831168, 27701222, 374189760, 1039579516, 90268426, 1561719586, 2109415443, 1490760572, 943396711, 889826057, 829009086, 10241574, 418857315, 749356703, 1606598966, 1620369434, 2106863186, 800259228, 88722416, 420461876, 14567855, 654975314, 1625853213, 1987405094, 

Sorted Array:
7793260, 10241574, 14567855, 20648366, 27701222, 59831168, 62567205, 68158909, 85240017, 88722416, 90087580, 90268426, 134441063, 202599972, 230023729, 237465954, 242805319, 275861848, 341630949, 374189760, 382028882, 401787888, 418857315, 420461876, 461082338, 536091760, 566252899, 582099104, 590396599, 611044964, 615836630, 654975314, 744309000, 748620645, 749356703, 749724620, 756313233, 764106492, 785741939, 800259228, 813391350, 829009086, 889826057, 922540121, 927894263, 943396711, 979748348, 1027003153, 1039579516, 1069835928, 1187529826, 1201512120, 1205391338, 1213184597, 1214328512, 1251059503, 1337924943, 1341143911, 1357506484, 1361792276, 1367618948, 1400492147, 1410967908, 1417202679, 1437158867, 1485732163, 1490760572, 1510241286, 1529160774, 1561719586, 1561808159, 1596357393, 1606598966, 1613400886, 1620369434, 1625853213, 1640733146, 1672480862, 1676514907, 1735931470, 1779244003, 1806867854, 1832651386, 1838143837, 1892270167, 1933871846, 1961384285, 1972584899, 1972837239, 1977291088, 1987405094, 2005541984, 2010685467, 2036810945, 2039119393, 2043020617, 2067831266, 2097899918, 2106863186, 2109415443, 

