Bubble Sort, N=100
Run 1 Array:
229920463, 83023144, 331466784, 2043848252, 725487575, 2082126653, 252180961, 183188849, 711600929, 1728019220, 260651451, 1017287920, 703971741, 466958442, 2063653194, 721605158, 188987015, 34891647, 1042775842, 676538804, 679683854, 1793360322, 1730586802, 1160304774, 1170013717, 788414598, 1782600092, 208203889, 1026086585, 570651521, 1945162227, 1256007047, 653674665, 129145362, 1152371651, 1379162239, 63788366, 1404552611, 1562351088, 775389295, 985088182, 1823002538, 1792677214, 1689059923, 142477332, 1708846759, 263181432, 331464346, 1743738405, 1305957274, 1008003150, 275938611, 951833947, 591106303, 1436243384, 2121847663, 1379520901, 1071359828, 182567904, 258123837, 1642011348, 2127730130, 1514130884, 148202364, 109391843, 519018886, 1527364603, 173180208, 1923571496, 942232042, 948569502, 761176029, 617750931, 593763067, 302752303, 760228262, 155126178, 565933735, 1091692608, 1898864582, 1871891008, 2099695757, 27319544, 676241306, 543318411, 1463562928, 650605321, 1922839311, 387439107, 833173224, 33479500, 2029450454, 813419705, 1547610383, 30169170, 922811547, 2066629268, 1557533772, 1095991754, 1842717115, 

Sorted Array:
27319544, 30169170, 33479500, 34891647, 63788366, 83023144, 109391843, 129145362, 142477332, 148202364, 155126178, 173180208, 182567904, 183188849, 188987015, 208203889, 229920463, 252180961, 258123837, 260651451, 263181432, 275938611, 302752303, 331464346, 331466784, 387439107, 466958442, 519018886, 543318411, 565933735, 570651521, 591106303, 593763067, 617750931, 650605321, 653674665, 676241306, 676538804, 679683854, 703971741, 711600929, 721605158, 725487575, 760228262, 761176029, 775389295, 788414598, 813419705, 833173224, 922811547, 942232042, 948569502, 951833947, 985088182, 1008003150, 1017287920, 1026086585, 1042775842, 1071359828, 1091692608, 1095991754, 1152371651, 1160304774, 1170013717, 1256007047, 1305957274, 1379162239, 1379520901, 1404552611, 1436243384, 1463562928, 1514130884, 1527364603, 1547610383, 1557533772, 1562351088, 1642011348, 1689059923, 1708846759, 1728019220, 1730586802, 1743738405, 1782600092, 1792677214, 1793360322, 1823002538, 1842717115, 1871891008, 1898864582, 1922839311, 1923571496, 1945162227, 2029450454, 2043848252, 2063653194, 2066629268, 2082126653, 2099695757, 2121847663, 2127730130, 

Run 2 Array:
2077174296, 976049158, 2060270559, 1662101077, 1664559029, 1488908540, 1032845093, 824961347, 1375386067, 842476169, 290595773, 1374453363, 499615011, 1663118208, 983483215, 1717733351, 1665845809, 616531508, 1468693062, 2113136725, 1925975620, 1386256956, 1110224386, 1978038266, 605470905, 1838485996, 1184361050, 647644849, 1248951791, 200962940, 1144415009, 1178642439, 1177012097, 1057201919, 693259867, 694087477, 398626810, 1726104960, 1519048823, 1774012877, 421097480, 1809644595, 1000982591, 920712490, 1325279154, 1984465806, 490962192, 843641315, 453513665, 1959655253, 809294391, 232005636, 1198428561, 1919518776, 62560253, 1803899465, 1610521123, 1246921302, 304060666, 711989265, 1447884242, 1448475674, 1890631703, 477412690, 358193945, 436407922, 1171500167, 756820754, 15029233, 543065341, 383349982, 436126712, 205226288, 1384332573, 1356839201, 1530505441, 1221314730, 1847801392, 226663107, 1674828394, 1659972997, 1035957497, 1906834029, 710917909, 807992624, 1969394281, 367333725, 271030098, 1068831935, 671394390, 983019363, 369232528, 2119870064, 726167417, 846645217, 330580360, 1162575338, 2018145383, 1087401113, 1177604570, 

Sorted Array:
15029233, 62560253, 200962940, 205226288, 226663107, 232005636, 271030098, 290595773, 304060666, 330580360, 358193945, 367333725, 369232528, 383349982, 398626810, 421097480, 436126712, 436407922, 453513665, 477412690, 490962192, 499615011, 543065341, 605470905, 616531508, 647644849, 671394390, 693259867, 694087477, 710917909, 711989265, 726167417, 756820754, 807992624, 809294391, 824961347, 842476169, 843641315, 846645217, 920712490, 976049158, 983019363, 983483215, 1000982591, 1032845093, 1035957497, 1057201919, 1068831935, 1087401113, 1110224386, 1144415009, 1162575338, 1171500167, 1177012097, 1177604570, 1178642439, 1184361050, 1198428561, 1221314730, 1246921302, 1248951791, 1325279154, 1356839201, 1374453363, 1375386067, 1384332573, 1386256956, 1447884242, 1448475674, 1468693062, 1488908540, 1519048823, 1530505441, 1610521123, 1659972997, 1662101077, 1663118208, 1664559029, 1665845809, 1674828394, 1717733351, 1726104960, 1774012877, 1803899465, 1809644595, 1838485996, 1847801392, 1890631703, 1906834029, 1919518776, 1925975620, 1959655253, 1969394281, 1978038266, 1984465806, 2018145383, 2060270559, 2077174296, 2113136725, 2119870064, 

Run 3 Array:
691570618, 777422022, 1630229180, 193346148, 434779464, 1955202490, 724599454, 1441367311, 2021347062, 2087011511, 1364306648, 1709314272, 1348934618, 1750268815, 2022938424, 1616857248, 953895657, 1163467055, 1867467045, 280266524, 2055430793, 947257103, 433735315, 594967753, 3165295, 675971510, 520408737, 2115780951, 1396499794, 1898106604, 289537029, 2088070412, 528044977, 1919766208, 133932911, 962824441, 1727485049, 858532364, 256708103, 1601348462, 798060227, 1621014750, 1163179085, 2146994844, 1223799916, 1038633861, 1616368443, 30211925, 54617267, 1336351839, 310478448, 2110048059, 136125294, 744213762, 557532163, 139290588, 1420185272, 1077940900, 107587890, 669201417, 828563855, 397124918, 609788180, 1356608832, 169407477, 743721090, 171949624, 1896892525, 1602253454, 428657726, 1350757338, 252830032, 2049672476, 366452775, 252341227, 1125988743, 1405086635, 1868709669, 1156200667, 1459703901, 1057577859, 1466679114, 1422268311, 1193703152, 63409228, 1979800473, 1332993739, 1483594499, 910257724, 1440581628, 5312267, 1738821579, 1837706545, 615100447, 947946762, 2007114021, 1358821536, 1119896385, 1756522897, 813591341, 

Sorted Array:
3165295, 5312267, 30211925, 54617267, 63409228, 107587890, 133932911, 136125294, 139290588, 169407477, 171949624, 193346148, 252341227, 252830032, 256708103, 280266524, 289537029, 310478448, 366452775, 397124918, 428657726, 433735315, 434779464, 520408737, 528044977, 557532163, 594967753, 609788180, 615100447, 669201417, 675971510, 691570618, 724599454, 743721090, 744213762, 777422022, 798060227, 813591341, 828563855, 858532364, 910257724, 947257103, 947946762, 953895657, 962824441, 1038633861, 1057577859, 1077940900, 1119896385, 1125988743, 1156200667, 1163179085, 1163467055, 1193703152, 1223799916, 1332993739, 1336351839, 1348934618, 1350757338, 1356608832, 1358821536, 1364306648, 1396499794, 1405086635, 1420185272, 1422268311, 1440581628, 1441367311, 1459703901, 1466679114, 1483594499, 1601348462, 1602253454, 1616368443, 1616857248, 1621014750, 1630229180, 1709314272, 1727485049, 1738821579, 1750268815, 1756522897, 1837706545, 1867467045, 1868709669, 1896892525, 1898106604, 1919766208, 1955202490, 1979800473, 2007114021, 2021347062, 2022938424, 2049672476, 2055430793, 2087011511, 2088070412, 2110048059, 2115780951, 2146994844, 

Run 4 Array:
1462550208, 1667837886, 133179905, 1955893589, 297130104, 282779853, 1501255738, 2079719962, 531230257, 122703596, 316555324, 985230369, 64561629, 1868078508, 934023438, 1531435477, 1351594412, 661217770, 1209965280, 1710436070, 68763403, 528211696, 1953161456, 325432488, 1571434621, 643012098, 980356643, 389795118, 1608067105, 436824125, 1614429399, 923133665, 2104662010, 1747609304, 731543605, 254308466, 2030389156, 85315694, 186544779, 414135764, 208019289, 503100102, 1399366132, 272580917, 223694961, 185905922, 1804016394, 1575289372, 847123691, 866498025, 1138241793, 915887093, 1394709721, 943919600, 1241319580, 818660693, 1586931698, 74192575, 1208455810, 1047515154, 511016699, 675401561, 1970648818, 468195060, 275527216, 554708774, 722503525, 158432723, 640024467, 909048303, 572568486, 848043756, 1412148404, 1971934618, 1120624672, 1635843364, 10356891, 777157417, 1063649087, 857480581, 1643655442, 54407232, 1773367674, 890881514, 998326831, 867203605, 1709542206, 437774880, 941396179, 770514368, 1485290034, 1452412877, 1445915928, 1308455203, 1920607937, 1721443143, 1863163977, 495627813, 1879875865, 355704795, 

Sorted Array:
10356891, 54407232, 64561629, 68763403, 74192575, 85315694, 122703596, 133179905, 158432723, 185905922, 186544779, 208019289, 223694961, 254308466, 272580917, 275527216, 282779853, 297130104, 316555324, 325432488, 355704795, 389795118, 414135764, 436824125, 437774880, 468195060, 495627813, 503100102, 511016699, 528211696, 531230257, 554708774, 572568486, 640024467, 643012098, 661217770, 675401561, 722503525, 731543605, 770514368, 777157417, 818660693, 847123691, 848043756, 857480581, 866498025, 867203605, 890881514, 909048303, 915887093, 923133665, 934023438, 941396179, 943919600, 980356643, 985230369, 998326831, 1047515154, 1063649087, 1120624672, 1138241793, 1208455810, 1209965280, 1241319580, 1308455203, 1351594412, 1394709721, 1399366132, 1412148404, 1445915928, 1452412877, 1462550208, 1485290034, 1501255738, 1531435477, 1571434621, 1575289372, 1586931698, 1608067105, 1614429399, 1635843364, 1643655442, 1667837886, 1709542206, 1710436070, 1721443143, 1747609304, 1773367674, 1804016394, 1863163977, 1868078508, 1879875865, 1920607937, 1953161456, 1955893589, 1970648818, 1971934618, 2030389156, 2079719962, 2104662010, 

Run 5 Array:
1155080565, 405751344, 1853181291, 491702979, 1227159058, 1826561268, 123979222, 563279053, 108797879, 1372080800, 1407494481, 1327563420, 1992599449, 1975334227, 1983717577, 1435706527, 662912044, 148201313, 540402192, 2051760500, 1290245905, 1168777233, 1307095566, 1113752494, 2049379623, 1662367924, 1421001166, 791794252, 1794193270, 1099576650, 1842598592, 801790186, 1505327993, 1548296235, 1293493165, 585003402, 1227373854, 1417472386, 1148282455, 1336171732, 642069537, 408293287, 516251504, 487185338, 236143865, 352485432, 1922891864, 899055908, 500686744, 315810407, 803332759, 1790932649, 1484587639, 2110428325, 757201494, 1386483614, 1625312600, 30719011, 30794217, 1272022221, 1130295661, 1873392808, 2073812407, 488140005, 1274205394, 1219821923, 1073143407, 354095600, 489810660, 73942213, 1690267331, 1131880197, 482235499, 59035186, 1619065534, 718379363, 411520618, 1394473749, 1617435270, 912207361, 1710284155, 273284380, 555656361, 1047388146, 236229056, 1312857854, 286388111, 1861541655, 1343576865, 317182327, 986080228, 326388877, 43091486, 912408986, 814528881, 1317296880, 2132230908, 1887672287, 1671392479, 474557919, 

Sorted Array:
30719011, 30794217, 43091486, 59035186, 73942213, 108797879, 123979222, 148201313, 236143865, 236229056, 273284380, 286388111, 315810407, 317182327, 326388877, 352485432, 354095600, 405751344, 408293287, 411520618, 474557919, 482235499, 487185338, 488140005, 489810660, 491702979, 500686744, 516251504, 540402192, 555656361, 563279053, 585003402, 642069537, 662912044, 718379363, 757201494, 791794252, 801790186, 803332759, 814528881, 899055908, 912207361, 912408986, 986080228, 1047388146, 1073143407, 1099576650, 1113752494, 1130295661, 1131880197, 1148282455, 1155080565, 1168777233, 1219821923, 1227159058, 1227373854, 1272022221, 1274205394, 1290245905, 1293493165, 1307095566, 1312857854, 1317296880, 1327563420, 1336171732, 1343576865, 1372080800, 1386483614, 1394473749, 1407494481, 1417472386, 1421001166, 1435706527, 1484587639, 1505327993, 1548296235, 1617435270, 1619065534, 1625312600, 1662367924, 1671392479, 1690267331, 1710284155, 1790932649, 1794193270, 1826561268, 1842598592, 1853181291, 1861541655, 1873392808, 1887672287, 1922891864, 1975334227, 1983717577, 1992599449, 2049379623, 2051760500, 2073812407, 2110428325, 2132230908, 

