Insertion Sort, N=100
Run 1 Array:
1916357729, 207361555, 345378465, 95598266, 1071632452, 140772052, 887731190, 1180504555, 1823304659, 466536996, 334873913, 1656631832, 1764492948, 990235379, 869321358, 1329777392, 2100260541, 688240729, 2006170815, 1294716751, 1412353942, 1794704964, 632859285, 1870479636, 1435771589, 502108557, 749174690, 98187733, 870007511, 1715107962, 969992668, 638881591, 1922469516, 1315371132, 734479856, 846618319, 1456143183, 1622211045, 2027122873, 1131964194, 2088748041, 214513137, 641112377, 1705757340, 1204748515, 1510433734, 888051083, 1157525407, 51190814, 746738250, 304758509, 1463544756, 393959565, 937617793, 1186540743, 1829731153, 1439726350, 1935715432, 1927918886, 162250212, 1503339745, 750427905, 801131802, 1278325612, 2065799036, 1535611657, 2124943930, 1374458570, 1010339054, 2004583154, 358939115, 951603446, 71612642, 1000051491, 509877137, 1276361156, 363001577, 1397928219, 286402915, 414192390, 2144666468, 591161423, 1877737145, 391142385, 1528779216, 916794239, 73389889, 821021917, 705026022, 2001308774, 983272128, 60882118, 604253030, 1784403929, 1339207729, 522568417, 1172531937, 1316668010, 1897026987, 35387342, 

Sorted Array:
35387342, 51190814, 60882118, 71612642, 73389889, 95598266, 98187733, 140772052, 162250212, 207361555, 214513137, 286402915, 304758509, 334873913, 345378465, 358939115, 363001577, 391142385, 393959565, 414192390, 466536996, 502108557, 509877137, 522568417, 591161423, 604253030, 632859285, 638881591, 641112377, 688240729, 705026022, 734479856, 746738250, 749174690, 750427905, 801131802, 821021917, 846618319, 869321358, 870007511, 887731190, 888051083, 916794239, 937617793, 951603446, 969992668, 983272128, 990235379, 1000051491, 1010339054, 1071632452, 1131964194, 1157525407, 1172531937, 1180504555, 1186540743, 1204748515, 1276361156, 1278325612, 1294716751, 1315371132, 1316668010, 1329777392, 1339207729, 1374458570, 1397928219, 1412353942, 1435771589, 1439726350, 1456143183, 1463544756, 1503339745, 1510433734, 1528779216, 1535611657, 1622211045, 1656631832, 1705757340, 1715107962, 1764492948, 1784403929, 1794704964, 1823304659, 1829731153, 1870479636, 1877737145, 1897026987, 1916357729, 1922469516, 1927918886, 1935715432, 2001308774, 2004583154, 2006170815, 2027122873, 2065799036, 2088748041, 2100260541, 2124943930, 2144666468, 

Run 2 Array:
553784066, 36304269, 1011311832, 801207069, 948686751, 634046019, 610877293, 1836521685, 354581099, 674027184, 1455872638, 2031415619, 1583028292, 59951473, 1957405389, 1279277092, 1455194034, 1294422552, 1390403852, 1688595281, 1613973774, 351705111, 50110690, 1648993661, 1989588896, 1597725079, 192041420, 590173223, 74195697, 320750260, 231069366, 627979762, 357054528, 1242381198, 1429186830, 1305741278, 1876427216, 2040064122, 994779315, 83524667, 566607658, 303168304, 2114940285, 2152301, 363119776, 1924862026, 1281429392, 1818313809, 1071800929, 524349596, 1359425441, 538291054, 876054706, 1409536130, 39801067, 718159953, 859777560, 231842486, 1308333175, 933973257, 552592746, 1539402541, 1561953018, 909647273, 634300090, 843656200, 67904903, 363243657, 736236673, 1062684217, 446768323, 1302844330, 1365852520, 414224960, 1304996631, 1728972295, 191603337, 438942374, 1399802455, 1263404265, 963291969, 611744247, 1801695318, 1839346674, 2021280376, 1841496384, 410022978, 733574288, 2073338870, 1718356153, 1667547544, 478447967, 1110275045, 1082016913, 1388095239, 1744575134, 1925673112, 1456000141, 2107818790, 514426137, 

Sorted Array:
2152301, 36304269, 39801067, 50110690, 59951473, 67904903, 74195697, 83524667, 191603337, 192041420, 231069366, 231842486, 303168304, 320750260, 351705111, 354581099, 357054528, 363119776, 363243657, 410022978, 414224960, 438942374, 446768323, 478447967, 514426137, 524349596, 538291054, 552592746, 553784066, 566607658, 590173223, 610877293, 611744247, 627979762, 634046019, 634300090, 674027184, 718159953, 733574288, 736236673, 801207069, 843656200, 859777560, 876054706, 909647273, 933973257, 948686751, 963291969, 994779315, 1011311832, 1062684217, 1071800929, 1082016913, 1110275045, 1242381198, 1263404265, 1279277092, 1281429392, 1294422552, 1302844330, 1304996631, 1305741278, 1308333175, 1359425441, 1365852520, 1388095239, 1390403852, 1399802455, 1409536130, 1429186830, 1455194034, 1455872638, 1456000141, 1539402541, 1561953018, 1583028292, 1597725079, 1613973774, 1648993661, 1667547544, 1688595281, 1718356153, 1728972295, 1744575134, 1801695318, 1818313809, 1836521685, 1839346674, 1841496384, 1876427216, 1924862026, 1925673112, 1957405389, 1989588896, 2021280376, 2031415619, 2040064122, 2073338870, 2107818790, 2114940285, 

Run 3 Array:
1312466688, 910127120, 1647991255, 1475649661, 791313140, 1092293785, 296973913, 1377750755, 991400574, 1911195875, 1454217374, 1282237350, 1349132276, 1218893622, 837875065, 1166354587, 740769670, 754874349, 1774020385, 1999933589, 655683032, 2041304023, 1516651639, 250646563, 290231098, 1502816357, 585279227, 956049794, 1287006076, 2000064664, 1489084112, 451989115, 762708136, 989591718, 1927638775, 1554021275, 2081885502, 77129039, 784288381, 925802428, 1988324913, 91022107, 60556129, 1189973540, 1309915728, 898431194, 208844479, 2050685397, 1653305542, 1982864863, 1903135337, 161504925, 1876685237, 1272303327, 412151488, 19432686, 627636035, 997430714, 975482479, 1914642110, 850011730, 317082942, 219147576, 1612719865, 1306674659, 2146786351, 1019257491, 1241076513, 76431741, 1803545871, 19395292, 2064756654, 1894567977, 79951420, 1107246545, 1057000057, 978382613, 1316091023, 960201805, 484204507, 1151472237, 715853494, 645709431, 880673825, 1988156820, 1057860918, 900106510, 468309207, 2055291632, 1875588989, 235467668, 757819713, 45188282, 454615244, 223055929, 1351862941, 453917946, 1242313419, 445455805, 530349686, 

Sorted Array:
19395292, 19432686, 45188282, 60556129, 76431741, 77129039, 79951420, 91022107, 161504925, 208844479, 219147576, 223055929, 235467668, 250646563, 290231098, 296973913, 317082942, 412151488, 445455805, 451989115, 453917946, 454615244, 468309207, 484204507, 530349686, 585279227, 627636035, 645709431, 655683032, 715853494, 740769670, 754874349, 757819713, 762708136, 784288381, 791313140, 837875065, 850011730, 880673825, 898431194, 900106510, 910127120, 925802428, 956049794, 960201805, 975482479, 978382613, 989591718, 991400574, 997430714, 1019257491, 1057000057, 1057860918, 1092293785, 1107246545, 1151472237, 1166354587, 1189973540, 1218893622, 1241076513, 1242313419, 1272303327, 1282237350, 1287006076, 1306674659, 1309915728, 1312466688, 1316091023, 1349132276, 1351862941, 1377750755, 1454217374, 1475649661, 1489084112, 1502816357, 1516651639, 1554021275, 1612719865, 1647991255, 1653305542, 1774020385, 1803545871, 1875588989, 1876685237, 1894567977, 1903135337, 1911195875, 1914642110, 1927638775, 1982864863, 1988156820, 1988324913, 1999933589, 2000064664, 2041304023, 2050685397, 2055291632, 2064756654, 2081885502, 2146786351, 

Run 4 Array:
1010583346, 733242458, 157969189, 1091848679, 1734522391, 502444811, 1075180862, 950160375, 1659749876, 2096557825, 414944035, 571676208, 1141619431, 272108009, 839199546, 1085374234, 74526608, 1346319101, 1122789326, 1293059733, 840429856, 1631003704, 1973414765, 1083327472, 796788852, 1481598689, 1078848306, 1393869461, 1511048899, 578185120, 1762083367, 374148596, 1311427577, 1920052555, 1465997275, 898466320, 275013717, 393694488, 1848626694, 1934763593, 342768664, 116087081, 358956152, 1484388095, 388195089, 1198155697, 422278680, 462721696, 396991150, 1545068005, 1755781428, 1237421005, 1028588060, 1581712544, 173264828, 1825376911, 915827584, 1252113134, 1071762723, 279392834, 1830298253, 686362441, 653541430, 994242181, 458931348, 2119538704, 1892708500, 733945064, 365749543, 1593851546, 521225008, 708518207, 1709938626, 880181160, 45422653, 2098133714, 2078336856, 467701332, 413371761, 327844357, 2012769336, 21669540, 1565265361, 893873747, 1603382084, 1738530189, 571767009, 371726019, 843159674, 1643529731, 651118853, 525974278, 182408524, 1304660282, 1520216458, 641339871, 1276715337, 1265441310, 1375284934, 1642464879, 

Sorted Array:
21669540, 45422653, 74526608, 116087081, 157969189, 173264828, 182408524, 272108009, 275013717, 279392834, 327844357, 342768664, 358956152, 365749543, 371726019, 374148596, 388195089, 393694488, 396991150, 413371761, 414944035, 422278680, 458931348, 462721696, 467701332, 502444811, 521225008, 525974278, 571676208, 571767009, 578185120, 641339871, 651118853, 653541430, 686362441, 708518207, 733242458, 733945064, 796788852, 839199546, 840429856, 843159674, 880181160, 893873747, 898466320, 915827584, 950160375, 994242181, 1010583346, 1028588060, 1071762723, 1075180862, 1078848306, 1083327472, 1085374234, 1091848679, 1122789326, 1141619431, 1198155697, 1237421005, 1252113134, 1265441310, 1276715337, 1293059733, 1304660282, 1311427577, 1346319101, 1375284934, 1393869461, 1465997275, 1481598689, 1484388095, 1511048899, 1520216458, 1545068005, 1565265361, 1581712544, 1593851546, 1603382084, 1631003704, 1642464879, 1643529731, 1659749876, 1709938626, 1734522391, 1738530189, 1755781428, 1762083367, 1825376911, 1830298253, 1848626694, 1892708500, 1920052555, 1934763593, 1973414765, 2012769336, 2078336856, 2096557825, 2098133714, 2119538704, 

Run 5 Array:
1780752855, 544340180, 808450328, 1780160507, 516511431, 977004467, 1851749984, 507011212, 1242085042, 132662963, 1505691667, 1992696676, 2005734730, 1453384409, 1893929204, 1001629987, 460620395, 1912064413, 1541440178, 562806196, 993055551, 141385541, 1331122917, 1876270835, 221472682, 359461975, 449988913, 746145371, 1706137860, 1244684416, 944418504, 1339407066, 1789024596, 1752868831, 972083924, 158052378, 582389649, 676350259, 665063589, 1824474690, 809013221, 23271608, 1669687718, 667264303, 1476656016, 1416133273, 1668894289, 1937276411, 1180714037, 1062850819, 352598958, 26285939, 1204236359, 1683721874, 1902556774, 1425709041, 2043183849, 205062038, 24370763, 1601838060, 1449746453, 968789266, 793761477, 1091287400, 574174449, 1765845401, 1249339777, 1156564097, 294712011, 1914403366, 833555139, 1103725232, 1937674973, 355759208, 1770989534, 1266847340, 1771892480, 1292400174, 1056640102, 805122868, 207767344, 1409239059, 831408807, 1412003703, 945477285, 586481932, 690229095, 841177485, 791543969, 714599857, 295531896, 93806773, 1683389122, 1089293372, 1185094173, 110079922, 707655124, 286950301, 1266644019, 1002367135, 

Sorted Array:
23271608, 24370763, 26285939, 93806773, 110079922, 132662963, 141385541, 158052378, 205062038, 207767344, 221472682, 286950301, 294712011, 295531896, 352598958, 355759208, 359461975, 449988913, 460620395, 507011212, 516511431, 544340180, 562806196, 574174449, 582389649, 586481932, 665063589, 667264303, 676350259, 690229095, 707655124, 714599857, 746145371, 791543969, 793761477, 805122868, 808450328, 809013221, 831408807, 833555139, 841177485, 944418504, 945477285, 968789266, 972083924, 977004467, 993055551, 1001629987, 1002367135, 1056640102, 1062850819, 1089293372, 1091287400, 1103725232, 1156564097, 1180714037, 1185094173, 1204236359, 1242085042, 1244684416, 1249339777, 1266644019, 1266847340, 1292400174, 1331122917, 1339407066, 1409239059, 1412003703, 1416133273, 1425709041, 1449746453, 1453384409, 1476656016, 1505691667, 1541440178, 1601838060, 1668894289, 1669687718, 1683389122, 1683721874, 1706137860, 1752868831, 1765845401, 1770989534, 1771892480, 1780160507, 1780752855, 1789024596, 1824474690, 1851749984, 1876270835, 1893929204, 1902556774, 1912064413, 1914403366, 1937276411, 1937674973, 1992696676, 2005734730, 2043183849, 

