Merge Sort, N=100
Run 1 Array:
1039638613, 1578334162, 1492062296, 547634318, 1822267470, 607055907, 74573563, 1097667168, 1964021810, 1239413543, 1640961996, 1939392353, 752375304, 1063449379, 721702495, 502608141, 1747823023, 2107536997, 834542146, 526779623, 865810335, 868808091, 1829297672, 1306715809, 2139007381, 132666081, 2100413703, 1155252414, 1873175063, 1020012010, 334495866, 765330027, 450862524, 1826558162, 1312964345, 125646345, 286130420, 1387537907, 1223313512, 102668582, 479467801, 716791859, 2042060934, 1231843104, 1780241237, 616279781, 1734451245, 1380580611, 576333129, 421509742, 1907360233, 1442143463, 1290317832, 1589174257, 601375623, 1281841564, 1721840337, 554305678, 289610329, 1447531752, 1574317687, 624106194, 65378130, 2025180210, 303180707, 1378342474, 3342906, 589311127, 618396732, 1226656417, 691979708, 1097864532, 1943448276, 586556993, 182223988, 1576205864, 1202836773, 1916675232, 809302827, 1779169901, 190701325, 569179411, 1073829716, 1481019156, 10870019, 1675205338, 615377071, 1732710356, 82027367, 904987399, 1032758459, 1656345054, 1529093592, 1098136588, 1534041615, 1832274299, 328995414, 1537384521, 274101777, 947392145, 

Sorted Array:
3342906, 10870019, 65378130, 74573563, 82027367, 102668582, 125646345, 132666081, 182223988, 190701325, 274101777, 286130420, 289610329, 303180707, 328995414, 334495866, 421509742, 450862524, 479467801, 502608141, 526779623, 547634318, 554305678, 569179411, 576333129, 586556993, 589311127, 601375623, 607055907, 615377071, 616279781, 618396732, 624106194, 691979708, 716791859, 721702495, 752375304, 765330027, 809302827, 834542146, 865810335, 868808091, 904987399, 947392145, 1020012010, 1032758459, 1039638613, 1063449379, 1073829716, 1097667168, 1097864532, 1098136588, 1155252414, 1202836773, 1223313512, 1226656417, 1231843104, 1239413543, 1281841564, 1290317832, 1306715809, 1312964345, 1378342474, 1380580611, 1387537907, 1442143463, 1447531752, 1481019156, 1492062296, 1529093592, 1534041615, 1537384521, 1574317687, 1576205864, 1578334162, 1589174257, 1640961996, 1656345054, 1675205338, 1721840337, 1732710356, 1734451245, 1747823023, 1779169901, 1780241237, 1822267470, 1826558162, 1829297672, 1832274299, 1873175063, 1907360233, 1916675232, 1939392353, 1943448276, 1964021810, 2025180210, 2042060934, 2100413703, 2107536997, 2139007381, 

Run 2 Array:
740950523, 1403820672, 1077587936, 167570389, 620972514, 19299201, 1930871508, 673804805, 487337314, 1429813585, 606332461, 1231731329, 550673687, 1196163148, 726497256, 428305183, 14942304, 1629434451, 1264700397, 902370494, 1055672683, 467243133, 1222976622, 2145682879, 508040512, 1198147342, 454270702, 530672407, 2112892875, 681525719, 620411127, 706359750, 2085346391, 1697999063, 873930138, 558835256, 1717298263, 657317997, 1232640060, 57151928, 2087131581, 1838972521, 1288883257, 490321619, 887652020, 2015380512, 918626801, 902594323, 1497331314, 35843550, 1804964816, 405520349, 503086682, 880457789, 403719579, 1011127193, 2078605130, 857990280, 1541799599, 2044014357, 1539515999, 14727078, 602890458, 1477378741, 1712726140, 1476820595, 2036213996, 1282540754, 2134138592, 1121370408, 1339692681, 2073786524, 812859280, 481092289, 416624495, 1700511299, 348989152, 1335251295, 455621973, 1846320466, 1371094844, 113103141, 104357166, 1874181525, 993560929, 508076744, 737825069, 924682411, 1366067023, 132141020, 821213119, 758099373, 146868097, 1424103576, 87994465, 1859594236, 753440522, 2124208461, 994651341, 740095465, 

Sorted Array:
14727078, 14942304, 19299201, 35843550, 57151928, 87994465, 104357166, 113103141, 132141020, 146868097, 167570389, 348989152, 403719579, 405520349, 416624495, 428305183, 454270702, 455621973, 467243133, 481092289, 487337314, 490321619, 503086682, 508040512, 508076744, 530672407, 550673687, 558835256, 602890458, 606332461, 620411127, 620972514, 657317997, 673804805, 681525719, 706359750, 726497256, 737825069, 740095465, 740950523, 753440522, 758099373, 812859280, 821213119, 857990280, 873930138, 880457789, 887652020, 902370494, 902594323, 918626801, 924682411, 993560929, 994651341, 1011127193, 1055672683, 1077587936, 1121370408, 1196163148, 1198147342, 1222976622, 1231731329, 1232640060, 1264700397, 1282540754, 1288883257, 1335251295, 1339692681, 1366067023, 1371094844, 1403820672, 1424103576, 1429813585, 1476820595, 1477378741, 1497331314, 1539515999, 1541799599, 1629434451, 1697999063, 1700511299, 1712726140, 1717298263, 1804964816, 1838972521, 1846320466, 1859594236, 1874181525, 1930871508, 2015380512, 2036213996, 2044014357, 2073786524, 2078605130, 2085346391, 2087131581, 2112892875, 2124208461, 2134138592, 2145682879, 

Run 3 Array:
1502586042, 134246029, 646780305, 1919464251, 1541980700, 1558766845, 1621638290, 220311588, 1133051536, 1599123509, 1684439137, 1566823273, 324182580, 214516404, 693113645, 1398426847, 382197854, 30697348, 586228083, 1222906780, 1188128240, 23905026, 1626512482, 1840873218, 2047994793, 42131591, 1944217907, 1992681879, 119472833, 1313666576, 832278563, 1622058875, 1447912604, 1479058868, 1394039477, 842409655, 890342064, 868194118, 1062721242, 2023393600, 319833978, 599676730, 1442733224, 644016558, 814193134, 2135846868, 2042443404, 1196390987, 19060568, 481187838, 271814118, 1207188807, 505092863, 1898326599, 900578377, 405604008, 1940458189, 697312635, 250802238, 2059931022, 2010979210, 1083080800, 1534506248, 1311408165, 414656019, 781062076, 6334171, 1304998083, 1649256194, 1069055412, 1180908034, 1969090171, 1668732141, 476157609, 465623080, 335441626, 464520828, 360582835, 1531832612, 483581395, 841770673, 1803646729, 1690770202, 1346863535, 1554489679, 443864930, 1752467542, 1347464220, 1141177564, 2003269779, 1259911593, 1004673125, 938866931, 646934192, 168597641, 1353522949, 1427996267, 174931811, 511037383, 929768812, 

Sorted Array:
6334171, 19060568, 23905026, 30697348, 42131591, 119472833, 134246029, 168597641, 174931811, 214516404, 220311588, 250802238, 271814118, 319833978, 324182580, 335441626, 360582835, 382197854, 405604008, 414656019, 443864930, 464520828, 465623080, 476157609, 481187838, 483581395, 505092863, 511037383, 586228083, 599676730, 644016558, 646780305, 646934192, 693113645, 697312635, 781062076, 814193134, 832278563, 841770673, 842409655, 868194118, 890342064, 900578377, 929768812, 938866931, 1004673125, 1062721242, 1069055412, 1083080800, 1133051536, 1141177564, 1180908034, 1188128240, 1196390987, 1207188807, 1222906780, 1259911593, 1304998083, 1311408165, 1313666576, 1346863535, 1347464220, 1353522949, 1394039477, 1398426847, 1427996267, 1442733224, 1447912604, 1479058868, 1502586042, 1531832612, 1534506248, 1541980700, 1554489679, 1558766845, 1566823273, 1599123509, 1621638290, 1622058875, 1626512482, 1649256194, 1668732141, 1684439137, 1690770202, 1752467542, 1803646729, 1840873218, 1898326599, 1919464251, 1940458189, 1944217907, 1969090171, 1992681879, 2003269779, 2010979210, 2023393600, 2042443404, 2047994793, 2059931022, 2135846868, 

Run 4 Array:
1193611036, 2088313665, 1290500443, 453678721, 318610788, 2025425128, 242647971, 1918253630, 706168614, 1772878401, 620042992, 829620359, 102616445, 312832376, 1735342460, 226488761, 757154369, 581899214, 987440297, 479152439, 250093064, 660793896, 967808669, 466641814, 373782752, 2121225501, 1292420284, 1314886134, 1363905087, 1953407925, 2126252586, 410032474, 1894237941, 1269269380, 863711194, 65365081, 1147210859, 1106359164, 1983618710, 1853379472, 731753916, 456178053, 535516182, 834370360, 769010429, 123374994, 1060859120, 1526164797, 705274207, 2048299416, 2005317236, 955367270, 561609664, 825642256, 1422009084, 935392415, 799384109, 566945719, 102794901, 15805547, 372869996, 81563838, 425838020, 119624288, 1350833217, 1289549213, 184989368, 350560427, 248424728, 21124429, 56456251, 980178644, 477302482, 591972432, 1814549003, 1246312910, 715347425, 727924475, 624994058, 1420621632, 628740242, 482827645, 228505253, 1190349905, 1308469901, 1650514336, 2125742320, 2107854009, 69976407, 81053572, 2123659555, 442846402, 162617409, 402013926, 562470689, 1513450625, 1691563138, 747460057, 1864011051, 1939987865, 

Sorted Array:
15805547, 21124429, 56456251, 65365081, 69976407, 81053572, 81563838, 102616445, 102794901, 119624288, 123374994, 162617409, 184989368, 226488761, 228505253, 242647971, 248424728, 250093064, 312832376, 318610788, 350560427, 372869996, 373782752, 402013926, 410032474, 425838020, 442846402, 453678721, 456178053, 466641814, 477302482, 479152439, 482827645, 535516182, 561609664, 562470689, 566945719, 581899214, 591972432, 620042992, 624994058, 628740242, 660793896, 705274207, 706168614, 715347425, 727924475, 731753916, 747460057, 757154369, 769010429, 799384109, 825642256, 829620359, 834370360, 863711194, 935392415, 955367270, 967808669, 980178644, 987440297, 1060859120, 1106359164, 1147210859, 1190349905, 1193611036, 1246312910, 1269269380, 1289549213, 1290500443, 1292420284, 1308469901, 1314886134, 1350833217, 1363905087, 1420621632, 1422009084, 1513450625, 1526164797, 1650514336, 1691563138, 1735342460, 1772878401, 1814549003, 1853379472, 1864011051, 1894237941, 1918253630, 1939987865, 1953407925, 1983618710, 2005317236, 2025425128, 2048299416, 2088313665, 2107854009, 2121225501, 2123659555, 2125742320, 2126252586, 

Run 5 Array:
898884914, 1910803460, 1949292723, 1152233688, 1261752202, 362681995, 1031090102, 417702161, 300999536, 896509631, 656511494, 118512193, 2056511364, 443471611, 661464945, 1235196505, 1170589601, 1170843864, 1427988852, 854901251, 431205877, 270639003, 363479937, 220774282, 902541580, 2117397672, 1780055848, 703084702, 537462756, 524635013, 277572216, 1436347670, 287954824, 79381290, 441097709, 1549707025, 442063285, 1472187810, 1967409185, 743062820, 221213793, 476437030, 861575012, 130241508, 919908641, 1523039957, 1365438012, 2090498241, 546400172, 645943216, 797915843, 977606048, 916582218, 1161395779, 1198380329, 1819123798, 1131309803, 830952529, 374724851, 1668772558, 1355587541, 652297066, 957636579, 1643542364, 731678355, 1398734288, 1045765740, 1173741639, 723438449, 865691276, 1916804459, 944652241, 1342128306, 630895822, 1074893749, 114553298, 6452130, 292848112, 57567890, 552852302, 938791327, 855483732, 1530458349, 1855373545, 2016879511, 581355030, 1527013694, 1000705665, 1412307558, 1901738544, 521994574, 620411450, 406551961, 1479631153, 116470165, 1138230315, 730881792, 1162235904, 164488306, 1454320240, 

Sorted Array:
6452130, 57567890, 79381290, 114553298, 116470165, 118512193, 130241508, 164488306, 220774282, 221213793, 270639003, 277572216, 287954824, 292848112, 300999536, 362681995, 363479937, 374724851, 406551961, 417702161, 431205877, 441097709, 442063285, 443471611, 476437030, 521994574, 524635013, 537462756, 546400172, 552852302, 581355030, 620411450, 630895822, 645943216, 652297066, 656511494, 661464945, 703084702, 723438449, 730881792, 731678355, 743062820, 797915843, 830952529, 854901251, 855483732, 861575012, 865691276, 896509631, 898884914, 902541580, 916582218, 919908641, 938791327, 944652241, 957636579, 977606048, 1000705665, 1031090102, 1045765740, 1074893749, 1131309803, 1138230315, 1152233688, 1161395779, 1162235904, 1170589601, 1170843864, 1173741639, 1198380329, 1235196505, 1261752202, 1342128306, 1355587541, 1365438012, 1398734288, 1412307558, 1427988852, 1436347670, 1454320240, 1472187810, 1479631153, 1523039957, 1527013694, 1530458349, 1549707025, 1643542364, 1668772558, 1780055848, 1819123798, 1855373545, 1901738544, 1910803460, 1916804459, 1949292723, 1967409185, 2016879511, 2056511364, 2090498241, 2117397672, 

