Quick Sort, N=10
Run 1 Array:
619937866, 1932057116, 1584066894, 1407627734, 1164824714, 1107118577, 1261560536, 1653246468, 400924735, 1297422497, 

Sorted Array:
400924735, 619937866, 1107118577, 1164824714, 1261560536, 1297422497, 1407627734, 1584066894, 1653246468, 1932057116, 

Run 2 Array:
318676034, 674327751, 92157310, 1024979487, 2099923432, 1587952704, 2041519611, 142773438, 1064689490, 411443732, 

Sorted Array:
92157310, 142773438, 318676034, 411443732, 674327751, 1024979487, 1064689490, 1587952704, 2041519611, 2099923432, 

Run 3 Array:
1088165227, 487905253, 738458800, 1711912624, 1958796623, 2057980101, 1742060075, 1850970172, 1715966404, 591591656, 

Sorted Array:
487905253, 591591656, 738458800, 1088165227, 1711912624, 1715966404, 1742060075, 1850970172, 1958796623, 2057980101, 

Run 4 Array:
1871030831, 1388690761, 1407329204, 268052117, 1833192570, 1480890972, 389654685, 355930780, 251038982, 1871340237, 

Sorted Array:
251038982, 268052117, 355930780, 389654685, 1388690761, 1407329204, 1480890972, 1833192570, 1871030831, 1871340237, 

Run 5 Array:
1565111232, 1197248901, 983621705, 2027521588, 1685723317, 881102466, 1163401800, 2056275249, 906271770, 978128972, 

Sorted Array:
881102466, 906271770, 978128972, 983621705, 1163401800, 1197248901, 1565111232, 1685723317, 2027521588, 2056275249, 

