Heap Sort, N=100
Run 1 Array:
1484656468, 1439696860, 391034201, 1403214487, 384928993, 1458881475, 490467653, 1152819517, 833613244, 327202761, 467103955, 204061603, 1808588767, 1582452242, 815740324, 932159555, 872138165, 1422384628, 1976491561, 936174234, 1168667652, 818203240, 1797539708, 550492290, 741946558, 351827089, 2004472043, 1198006318, 874829906, 1955708944, 157289739, 212002725, 1247922155, 548323939, 1615217211, 1632851147, 2007205413, 2105684864, 638187015, 693335008, 285403976, 1105290969, 897396610, 2093992742, 540259563, 1713136933, 878668648, 1412397727, 988037912, 707676560, 201088312, 9221915, 1525879799, 1998628019, 559714205, 120342708, 202971460, 416702599, 1318349025, 1077801365, 224927894, 1475638763, 1289804090, 1472850048, 2023962701, 757537652, 958217546, 1883684465, 715738867, 1596404560, 429535825, 1001142842, 554211881, 1326932434, 947651935, 1094471443, 892585719, 1826320582, 359385521, 1880623630, 386513493, 560473832, 1889845545, 1912393291, 411618202, 302076101, 2032735999, 614589661, 718778699, 1203601375, 1692391026, 943706593, 531756490, 834711467, 269072992, 408235542, 1592249118, 1227290538, 144436359, 160504337, 

Sorted Array:
9221915, 144436359, 120342708, 157289739, 160504337, 201088312, 202971460, 204061603, 212002725, 224927894, 269072992, 285403976, 302076101, 327202761, 351827089, 359385521, 384928993, 386513493, 391034201, 408235542, 411618202, 416702599, 429535825, 467103955, 490467653, 531756490, 540259563, 548323939, 550492290, 554211881, 559714205, 560473832, 614589661, 638187015, 693335008, 707676560, 715738867, 718778699, 741946558, 757537652, 815740324, 818203240, 833613244, 834711467, 872138165, 874829906, 878668648, 892585719, 897396610, 932159555, 936174234, 943706593, 947651935, 958217546, 988037912, 1001142842, 1077801365, 1094471443, 1105290969, 1152819517, 1168667652, 1198006318, 1203601375, 1227290538, 1247922155, 1289804090, 1318349025, 1326932434, 1403214487, 1412397727, 1422384628, 1439696860, 1458881475, 1472850048, 1475638763, 1484656468, 1525879799, 1582452242, 1592249118, 1596404560, 1615217211, 1632851147, 1692391026, 1713136933, 1797539708, 1808588767, 1826320582, 1880623630, 1883684465, 1889845545, 1912393291, 1955708944, 1976491561, 1998628019, 2004472043, 2007205413, 2023962701, 2032735999, 2093992742, 2105684864, 

Run 2 Array:
98657043, 1245666180, 2108463084, 1007355989, 234221184, 851982838, 180835833, 1775319873, 1480907009, 1569720147, 473942152, 541308179, 507690320, 1677229561, 1858957062, 827762683, 1242261762, 1974838661, 1297172652, 185986985, 232099224, 1447760334, 56710361, 1325329963, 133677389, 272705394, 280479267, 512052721, 2105737583, 449237291, 1442891237, 56910977, 1694903470, 1403870672, 1064266965, 1929124653, 108369862, 1245102797, 1556960878, 1589276870, 667339296, 2030903029, 2130585049, 1175029615, 1560648941, 1842058462, 2002792297, 655427055, 1669413474, 1152481300, 841414039, 1901512697, 452757986, 898124400, 1079359012, 586435374, 1170829793, 1359838278, 1098488094, 1129083727, 1809075569, 393895683, 1185994703, 1356495390, 1797766354, 102778019, 1138136395, 1906136215, 1347880816, 547613624, 1347929437, 2015220111, 431033004, 1331030837, 1042766077, 1991681944, 1025605650, 898074725, 499625350, 547535475, 2050556025, 1341039389, 301564523, 355830362, 91680140, 1380923534, 942265735, 1262509932, 593278164, 2040753828, 244110011, 254870084, 287165862, 1430104713, 1611365473, 2084932216, 1532882732, 602018219, 1843584782, 733279899, 

Sorted Array:
56710361, 91680140, 56910977, 98657043, 102778019, 108369862, 133677389, 180835833, 185986985, 232099224, 234221184, 244110011, 254870084, 272705394, 280479267, 287165862, 301564523, 355830362, 393895683, 431033004, 449237291, 452757986, 473942152, 499625350, 507690320, 512052721, 541308179, 547535475, 547613624, 586435374, 593278164, 602018219, 655427055, 667339296, 733279899, 827762683, 841414039, 851982838, 898074725, 898124400, 942265735, 1007355989, 1025605650, 1042766077, 1064266965, 1079359012, 1098488094, 1129083727, 1138136395, 1152481300, 1170829793, 1175029615, 1185994703, 1242261762, 1245102797, 1245666180, 1262509932, 1297172652, 1325329963, 1331030837, 1341039389, 1347880816, 1347929437, 1356495390, 1359838278, 1380923534, 1403870672, 1430104713, 1442891237, 1447760334, 1480907009, 1532882732, 1556960878, 1560648941, 1569720147, 1589276870, 1611365473, 1669413474, 1677229561, 1694903470, 1775319873, 1797766354, 1809075569, 1842058462, 1843584782, 1858957062, 1901512697, 1906136215, 1929124653, 1974838661, 1991681944, 2002792297, 2015220111, 2030903029, 2040753828, 2050556025, 2084932216, 2105737583, 2108463084, 2130585049, 

Run 3 Array:
868412620, 2131442949, 607695536, 1694770479, 1165025317, 1322295059, 2029603978, 1333941839, 1058526156, 677183598, 493193279, 883439915, 1368349691, 713758776, 1834434078, 739219256, 557832324, 387327427, 1709369370, 1606872341, 378832089, 1023421961, 492157265, 1038706266, 1694982170, 1302230705, 719841182, 924378290, 157458292, 37068564, 1681988390, 1025870911, 21027865, 142200278, 573157741, 1186053181, 1464495336, 455278071, 372511372, 375537843, 1132461668, 865704650, 1258977757, 353327710, 1579463425, 945928187, 1092546965, 2137295749, 1333255613, 654432686, 1596684441, 1712087701, 1677854647, 2088841705, 603310318, 1225353168, 1243588761, 1323151500, 2247810, 1401047052, 1360220063, 1684236199, 279434314, 1381247927, 1826436476, 852592055, 419817460, 1143448164, 1307870125, 792328831, 1518986006, 292848144, 1658033480, 630480115, 646175853, 1090013257, 1576408301, 1738722817, 1079825357, 762180265, 245671854, 529026149, 326784317, 1923526500, 470384205, 930094635, 1001396020, 1713972966, 105762486, 1003643829, 967536369, 1465982548, 540396379, 1246970683, 699746827, 219349207, 2099562737, 1119564286, 1362797370, 1259949213, 

Sorted Array:
2247810, 21027865, 37068564, 105762486, 142200278, 157458292, 219349207, 245671854, 279434314, 292848144, 326784317, 353327710, 372511372, 375537843, 378832089, 387327427, 419817460, 455278071, 470384205, 492157265, 493193279, 529026149, 540396379, 557832324, 573157741, 603310318, 607695536, 630480115, 646175853, 654432686, 677183598, 699746827, 713758776, 719841182, 739219256, 762180265, 792328831, 852592055, 865704650, 868412620, 883439915, 924378290, 930094635, 945928187, 967536369, 1001396020, 1003643829, 1023421961, 1025870911, 1038706266, 1058526156, 1079825357, 1090013257, 1092546965, 1119564286, 1132461668, 1143448164, 1165025317, 1186053181, 1225353168, 1243588761, 1246970683, 1258977757, 1259949213, 1302230705, 1307870125, 1322295059, 1323151500, 1333255613, 1333941839, 1360220063, 1362797370, 1368349691, 1381247927, 1401047052, 1464495336, 1465982548, 1518986006, 1576408301, 1579463425, 1596684441, 1606872341, 1658033480, 1677854647, 1681988390, 1684236199, 1694770479, 1694982170, 1709369370, 1712087701, 1713972966, 1738722817, 1826436476, 1834434078, 1923526500, 2029603978, 2088841705, 2099562737, 2131442949, 2137295749, 

Run 4 Array:
1644001731, 1949176983, 188182508, 1315518380, 2102577547, 1801485269, 1739465767, 900574842, 646617178, 868779680, 521978930, 1237904053, 1167842902, 1909146912, 1824416188, 665877597, 960746984, 2038086371, 1066174723, 1970315232, 545582353, 621199711, 947172485, 775585918, 1135411400, 1281546724, 1186803051, 1368656751, 1458745775, 1804809170, 885640609, 955263857, 1606502505, 1073823116, 123298589, 1561596403, 727824737, 1862764355, 314687596, 1374441914, 584060386, 836666525, 464862319, 1751903288, 598329789, 141794858, 270297236, 1559076772, 32397580, 1336471959, 1381908355, 577979933, 1957671669, 181597191, 1353565850, 945599420, 1463143914, 392885253, 166772523, 774406041, 50210774, 1052413131, 1729669897, 1656713278, 2126236246, 1852968485, 1070826032, 706577334, 1568249192, 1385513628, 2081019248, 4825929, 74696504, 398397918, 1756729216, 673026292, 540192775, 2027026452, 84619415, 572590354, 1216014762, 1466527769, 1150570286, 1026202782, 1648124960, 356652488, 1971802202, 963785225, 749537740, 2138574724, 1738191265, 799748513, 1043504206, 1320377514, 308978143, 1022256803, 1025862350, 1379804174, 1728834137, 446627893, 

Sorted Array:
32397580, 4825929, 50210774, 74696504, 84619415, 123298589, 141794858, 166772523, 181597191, 188182508, 270297236, 308978143, 314687596, 356652488, 392885253, 398397918, 446627893, 464862319, 521978930, 540192775, 545582353, 572590354, 577979933, 584060386, 598329789, 621199711, 646617178, 665877597, 673026292, 706577334, 727824737, 749537740, 774406041, 775585918, 799748513, 836666525, 868779680, 885640609, 900574842, 945599420, 947172485, 955263857, 960746984, 963785225, 1022256803, 1025862350, 1026202782, 1043504206, 1052413131, 1066174723, 1070826032, 1073823116, 1135411400, 1150570286, 1167842902, 1186803051, 1216014762, 1237904053, 1281546724, 1315518380, 1320377514, 1336471959, 1353565850, 1368656751, 1374441914, 1379804174, 1381908355, 1385513628, 1458745775, 1463143914, 1466527769, 1559076772, 1561596403, 1568249192, 1606502505, 1644001731, 1648124960, 1656713278, 1728834137, 1729669897, 1738191265, 1739465767, 1751903288, 1756729216, 1801485269, 1804809170, 1824416188, 1852968485, 1862764355, 1909146912, 1949176983, 1957671669, 1970315232, 1971802202, 2027026452, 2038086371, 2081019248, 2102577547, 2126236246, 2138574724, 

Run 5 Array:
1334915137, 1760344232, 1909498404, 1997067720, 884269694, 1199408665, 360353091, 1530300535, 1299885095, 1042536895, 1611024475, 1582538613, 2020288627, 2013806137, 1803006509, 1642160843, 1342368068, 1528014874, 1468863495, 159725944, 1770256787, 1260663429, 1369268982, 493503947, 539081540, 146528950, 1630787354, 1770906233, 562771095, 323209818, 1115092585, 1897686231, 2083554049, 877107340, 1747270302, 820340095, 2076516004, 2107623392, 203156981, 1228917451, 1002676638, 1814181455, 663972415, 875481617, 1680503943, 319495275, 370158811, 875388363, 1847510148, 1839022305, 1035114306, 1470283286, 952202085, 256899639, 1963787232, 1491283625, 403428589, 1447090938, 1114706209, 966199683, 1770300755, 82315145, 716402265, 1706371155, 959422485, 316188919, 379227601, 888454840, 276328662, 582384581, 2117372290, 1279005300, 249082387, 633861056, 7003268, 1929586330, 953356331, 377162078, 657491044, 653382830, 68700735, 1692605349, 2123666116, 1020902819, 1949504987, 1939969699, 364702795, 205449927, 1239576988, 1479409004, 1171649609, 862394094, 1561724148, 1888051874, 421281601, 373662984, 56757144, 800509201, 1262117824, 333085805, 

Sorted Array:
7003268, 56757144, 68700735, 82315145, 146528950, 159725944, 203156981, 205449927, 249082387, 256899639, 276328662, 316188919, 319495275, 323209818, 333085805, 360353091, 364702795, 370158811, 373662984, 377162078, 379227601, 403428589, 421281601, 493503947, 539081540, 562771095, 582384581, 633861056, 653382830, 657491044, 663972415, 716402265, 800509201, 820340095, 862394094, 875388363, 875481617, 877107340, 884269694, 888454840, 952202085, 953356331, 959422485, 966199683, 1002676638, 1020902819, 1035114306, 1042536895, 1114706209, 1115092585, 1171649609, 1199408665, 1228917451, 1239576988, 1260663429, 1262117824, 1279005300, 1299885095, 1334915137, 1342368068, 1369268982, 1447090938, 1468863495, 1470283286, 1479409004, 1491283625, 1528014874, 1530300535, 1561724148, 1582538613, 1611024475, 1630787354, 1642160843, 1680503943, 1692605349, 1706371155, 1747270302, 1760344232, 1770256787, 1770300755, 1770906233, 1803006509, 1814181455, 1839022305, 1847510148, 1888051874, 1897686231, 1909498404, 1929586330, 1939969699, 1949504987, 1963787232, 1997067720, 2013806137, 2020288627, 2076516004, 2083554049, 2107623392, 2117372290, 2123666116, 

