Merge Sort, N=10
Run 1 Array:
2672673, 1798830370, 492727893, 129661495, 1881796235, 896102947, 620554320, 1717064856, 1430256139, 405436232, 

Sorted Array:
2672673, 129661495, 405436232, 492727893, 620554320, 896102947, 1430256139, 1717064856, 1798830370, 1881796235, 

Run 2 Array:
769190070, 1613366194, 67518451, 813218971, 1741314863, 295341288, 317342980, 1277955537, 1011580084, 581513259, 

Sorted Array:
67518451, 295341288, 317342980, 581513259, 769190070, 813218971, 1011580084, 1277955537, 1613366194, 1741314863, 

Run 3 Array:
1539129534, 1427328365, 716597508, 1500895381, 526733649, 768618261, 19020218, 838842730, 592875252, 763315632, 

Sorted Array:
19020218, 526733649, 592875252, 716597508, 763315632, 768618261, 838842730, 1427328365, 1500895381, 1539129534, 

Run 4 Array:
1234080355, 1237531113, 1365498629, 39913644, 1455122559, 167619942, 1867124988, 1468111214, 1246868149, 2017970937, 

Sorted Array:
39913644, 167619942, 1234080355, 1237531113, 1246868149, 1365498629, 1455122559, 1468111214, 1867124988, 2017970937, 

Run 5 Array:
930087568, 2123795179, 2017316337, 727738313, 1312381632, 1717664204, 495677938, 1026570426, 1905177240, 1127274832, 

Sorted Array:
495677938, 727738313, 930087568, 1026570426, 1127274832, 1312381632, 1717664204, 1905177240, 2017316337, 2123795179, 

